header: 
  seq: 259488
  stamp: 
    secs: 1297
    nsecs: 500000000
  frame_id: "map"
child_frame_id: "sensor"
pose: 
  pose: 
    position: 
      x: 0.6396689414978027
      y: 33.66643142700195
      z: 14.83935832977295
    orientation: 
      x: -3.6747393776543964e-05
      y: -2.096238002608439e-05
      z: 0.5628964745377079
      w: 0.8265274085976988
  covariance: [0.0, 0.0, 0.0, 0.0, 0.0, 0.0, 0.0, 0.0, 0.0, 0.0, 0.0, 0.0, 0.0, 0.0, 0.0, 0.0, 0.0, 0.0, 0.0, 0.0, 0.0, 0.0, 0.0, 0.0, 0.0, 0.0, 0.0, 0.0, 0.0, 0.0, 0.0, 0.0, 0.0, 0.0, 0.0, 0.0]
twist: 
  twist: 
    linear: 
      x: 2.024998664855957
      y: 0.0
      z: 0.0
    angular: 
      x: 1.4551915228366852e-09
      y: 1.8189894035458565e-09
      z: 1.7858794308267534e-05
  covariance: [0.0, 0.0, 0.0, 0.0, 0.0, 0.0, 0.0, 0.0, 0.0, 0.0, 0.0, 0.0, 0.0, 0.0, 0.0, 0.0, 0.0, 0.0, 0.0, 0.0, 0.0, 0.0, 0.0, 0.0, 0.0, 0.0, 0.0, 0.0, 0.0, 0.0, 0.0, 0.0, 0.0, 0.0, 0.0, 0.0]